Pesi layer1
tensor([[-0.1843,  0.1252,  0.1061, -0.0648,  0.1812, -0.1844,  0.1704, -0.2061,
          0.0329, -0.0628, -0.2121,  0.1220, -0.0396, -0.1547,  0.2383, -0.0186,
          0.1124],
        [ 0.1544,  0.2013, -0.2458, -0.0434, -0.1375, -0.1391,  0.1500,  0.2391,
         -0.0661, -0.1719, -0.1024, -0.2446, -0.0275,  0.2149, -0.1299,  0.2110,
          0.0285],
        [ 0.2290,  0.0559,  0.0983, -0.0871,  0.1903, -0.1100, -0.2105,  0.0512,
          0.0630,  0.2094, -0.2050,  0.1818, -0.2401, -0.0432,  0.0890,  0.2407,
          0.2054],
        [-0.1673,  0.0714,  0.1419,  0.1748, -0.1677,  0.1418, -0.0332, -0.1527,
          0.2003, -0.0474, -0.1803, -0.1204,  0.1601,  0.0593, -0.1610, -0.1267,
         -0.1413]], device='cuda:0', dtype=torch.float64)
Bias layer1
tensor([0., 0., 0., 0.], device='cuda:0', dtype=torch.float64)
Pesi layer2
tensor([[-0.0473,  0.0095, -0.0520,  0.1202]], device='cuda:0',
       dtype=torch.float64)
Bias layer2
tensor([0.], device='cuda:0', dtype=torch.float64)
