Pesi layer1
tensor([[ 0.0060, -0.1627, -0.0263,  0.0988,  0.1518, -0.1332, -0.0888,  0.0085,
         -0.1807,  0.1203, -0.0805,  0.1810,  0.1002, -0.1233, -0.1598, -0.1513,
          0.2352],
        [ 0.0508,  0.0983, -0.0179,  0.1929, -0.1614, -0.2023, -0.1860,  0.2340,
          0.2336,  0.0533,  0.0966,  0.1796, -0.0374,  0.0329, -0.1563,  0.0010,
          0.1993],
        [-0.0786, -0.1803, -0.0399, -0.2043,  0.0038, -0.1635, -0.0137, -0.1270,
          0.0614, -0.0301, -0.1731, -0.0386,  0.1263,  0.1854,  0.0831, -0.1079,
         -0.1747]], device='cuda:0', dtype=torch.float64)
Bias layer1
tensor([0., 0., 0.], device='cuda:0', dtype=torch.float64)
Pesi layer2
tensor([[ 0.5417, -0.4380,  0.3788]], device='cuda:0', dtype=torch.float64)
Bias layer2
tensor([0.], device='cuda:0', dtype=torch.float64)
