Pesi layer1
tensor([[-1.3539e-01,  1.4496e-02,  6.3628e-02, -3.5013e-02, -1.2817e-01,
          7.5965e-02,  2.7268e-02, -1.5325e-01,  7.4734e-02,  2.3927e-01,
          1.5025e-01,  2.1663e-01, -1.4981e-02,  1.8462e-01,  1.7979e-02,
          1.9091e-01,  7.2657e-05],
        [-5.9821e-02, -8.3040e-02, -1.2660e-01, -6.9589e-02,  1.8318e-01,
         -5.5979e-02,  2.1764e-01,  1.5178e-01,  2.3727e-02, -2.4789e-02,
          1.7238e-01, -2.1888e-02,  5.6832e-02, -3.1420e-02,  1.8457e-01,
          3.1012e-02, -1.1263e-01],
        [-1.0098e-01,  2.2772e-01,  1.3796e-01,  8.6653e-02,  3.8870e-02,
         -5.9817e-02,  5.3866e-02,  9.5388e-02, -8.7744e-02, -1.4307e-01,
         -1.5526e-01, -2.2128e-01, -2.0011e-01,  4.8980e-02, -2.0316e-01,
         -2.0670e-01, -1.7886e-01],
        [ 1.2554e-01, -5.8052e-02, -2.2196e-01, -7.1413e-02,  5.1909e-02,
         -1.6173e-01, -8.3384e-02,  7.6888e-02,  8.7535e-02, -3.6518e-02,
          1.3509e-01,  2.0439e-01,  1.4851e-01, -2.6108e-05,  4.7002e-02,
         -3.0191e-02,  1.5344e-01]], device='cuda:0', dtype=torch.float64)
Bias layer1
tensor([0., 0., 0., 0.], device='cuda:0', dtype=torch.float64)
Pesi layer2
tensor([[-0.1766, -0.4951, -0.1361, -0.1514]], device='cuda:0',
       dtype=torch.float64)
Bias layer2
tensor([0.], device='cuda:0', dtype=torch.float64)
