Pesi layer1
tensor([[-0.1925, -0.0756, -0.1811,  0.0130,  0.0113,  0.0433,  0.1512,  0.0857,
          0.1696,  0.1258,  0.1229,  0.1754, -0.2399, -0.0188, -0.1955, -0.0242,
         -0.1934],
        [-0.1282,  0.1074, -0.0681,  0.2008,  0.0554, -0.1948,  0.0081,  0.0390,
          0.2387, -0.0960, -0.0225,  0.2181,  0.1375, -0.1683, -0.1133,  0.2414,
          0.2188],
        [ 0.2373,  0.1825,  0.1168,  0.1167,  0.0829,  0.0179,  0.2091, -0.2292,
          0.0271,  0.1668,  0.0690,  0.1601,  0.2415, -0.0194,  0.0829,  0.1959,
         -0.1073],
        [-0.1998, -0.2089, -0.2247,  0.2036, -0.2348,  0.1209,  0.0353, -0.0198,
          0.0701,  0.0651,  0.2113,  0.1038,  0.2389, -0.2291, -0.0412, -0.0494,
         -0.1889]], device='cuda:0', dtype=torch.float64)
Bias layer1
tensor([0., 0., 0., 0.], device='cuda:0', dtype=torch.float64)
Pesi layer2
tensor([[0.0088, 0.3704, 0.4973, 0.1553]], device='cuda:0',
       dtype=torch.float64)
Bias layer2
tensor([0.], device='cuda:0', dtype=torch.float64)
