Pesi layer1
tensor([[-0.0962,  0.1598, -0.2926, -0.1379, -0.2483,  0.1283,  0.3054, -0.0562,
          0.0456,  0.3023],
        [-0.3093, -0.0861,  0.1131, -0.0268,  0.0794,  0.2801, -0.3094,  0.1772,
          0.1818, -0.1244],
        [ 0.0592,  0.1456,  0.2721, -0.0100,  0.0923, -0.0290,  0.2129, -0.1903,
         -0.0410,  0.2268],
        [-0.0407, -0.3110, -0.0338,  0.1873, -0.0417,  0.2557,  0.1070, -0.0042,
          0.1876,  0.1549],
        [-0.2549,  0.1960, -0.2538, -0.0062, -0.2299,  0.2644, -0.2819, -0.1194,
         -0.1228, -0.0122],
        [ 0.0864,  0.1719, -0.2954,  0.2789,  0.1970, -0.1058,  0.2297, -0.1700,
         -0.0750,  0.0677],
        [-0.2587, -0.2194, -0.2658, -0.1111, -0.1285, -0.2046, -0.1420,  0.0584,
         -0.1041, -0.1904],
        [-0.0930, -0.1730, -0.2654, -0.0962,  0.0906, -0.0496,  0.1287,  0.0041,
          0.1687,  0.0251],
        [ 0.2058, -0.1348, -0.2847, -0.2511, -0.1975,  0.1735, -0.1378, -0.0930,
         -0.0474,  0.0702],
        [ 0.2824, -0.1233,  0.2008,  0.2643, -0.2591, -0.2193, -0.2094,  0.0988,
         -0.0296, -0.2351],
        [-0.0796,  0.0845, -0.1925,  0.2942, -0.1160,  0.1231, -0.2861,  0.2171,
          0.2462, -0.1355],
        [ 0.2032,  0.0930,  0.1529,  0.2629, -0.1163, -0.2797, -0.2040, -0.0894,
         -0.0324, -0.1662],
        [ 0.0166, -0.1089,  0.0008,  0.1572,  0.2016, -0.0408,  0.0053,  0.1691,
          0.0850, -0.0903],
        [-0.1174, -0.2972,  0.3133, -0.1708,  0.1611, -0.0681,  0.0990,  0.0434,
         -0.2585,  0.1949],
        [ 0.1839,  0.1426, -0.1679, -0.1515, -0.3030, -0.2092, -0.1248,  0.0297,
         -0.2317,  0.1569],
        [ 0.0556,  0.1590,  0.1721,  0.1692, -0.0266, -0.1861, -0.3022, -0.1725,
          0.0855, -0.0592],
        [ 0.1518, -0.2917,  0.2330, -0.0273,  0.1182,  0.1472, -0.0931, -0.2227,
         -0.1874, -0.2022],
        [ 0.2434,  0.1455,  0.1148,  0.2592, -0.2023, -0.0225,  0.3153, -0.2941,
         -0.0408,  0.1850],
        [-0.1568,  0.2579, -0.1213, -0.0712, -0.1439,  0.2289, -0.0589, -0.2900,
         -0.1594, -0.2329],
        [ 0.2723, -0.1318, -0.2690,  0.3040,  0.1085,  0.2933,  0.2006, -0.0630,
          0.1106,  0.2952],
        [-0.1399, -0.2812,  0.0324, -0.1589,  0.0280, -0.2402, -0.0627,  0.1663,
          0.0489, -0.2821],
        [ 0.1598, -0.2936,  0.2136,  0.2103, -0.2217,  0.3067,  0.1257,  0.0815,
         -0.2210,  0.0035],
        [ 0.1920, -0.2712, -0.0123,  0.2815, -0.2953, -0.1728,  0.0116,  0.1166,
          0.0330, -0.1840],
        [ 0.1960,  0.3140, -0.0740, -0.0480, -0.0821,  0.0835,  0.2252, -0.0999,
          0.1416, -0.2394],
        [-0.2469, -0.0104, -0.1904,  0.2686, -0.1827,  0.1984,  0.0224,  0.0032,
          0.2913, -0.1251],
        [-0.2208,  0.1625,  0.2761,  0.2791,  0.0673, -0.2645, -0.2612, -0.0571,
         -0.1495, -0.1986],
        [ 0.1354,  0.1089, -0.1714,  0.1334,  0.2138, -0.2587,  0.0040,  0.2406,
         -0.2738,  0.0266],
        [-0.0491,  0.0685, -0.0386, -0.2651,  0.1450,  0.2488,  0.1356, -0.1454,
         -0.2923, -0.0346],
        [-0.0593, -0.1693, -0.1571, -0.1748, -0.2249, -0.0390,  0.2775, -0.1834,
         -0.0904, -0.1609],
        [ 0.1954,  0.2691,  0.0561, -0.1067, -0.2084, -0.0245, -0.0593, -0.1181,
         -0.2670, -0.0261],
        [ 0.2168, -0.2479, -0.2729,  0.1379, -0.3135, -0.1883, -0.2757, -0.0097,
         -0.3124, -0.1475],
        [ 0.1629,  0.2836,  0.0265, -0.2460, -0.2200, -0.0655, -0.1314,  0.2352,
         -0.2395,  0.1707],
        [ 0.0856, -0.0661, -0.0827, -0.3101,  0.2952, -0.1901,  0.0217, -0.0155,
         -0.2114,  0.1031],
        [ 0.0477, -0.2297, -0.2420, -0.0080,  0.2624, -0.2646, -0.0408,  0.1371,
         -0.0692,  0.0544],
        [ 0.0734,  0.2512,  0.0070, -0.2588, -0.0304,  0.0711, -0.1669,  0.1602,
          0.0389, -0.0023],
        [ 0.0586,  0.2078,  0.2500,  0.2537, -0.1279,  0.1436, -0.0765,  0.0399,
          0.2056,  0.0625],
        [ 0.1867, -0.1251, -0.1604, -0.1992, -0.1241,  0.1492, -0.2205, -0.2839,
         -0.2139, -0.2610],
        [-0.1448, -0.1827, -0.0966, -0.1452, -0.1667,  0.2203,  0.1902,  0.3052,
          0.2913, -0.1665],
        [-0.0279,  0.0028,  0.2192,  0.0313,  0.2911, -0.0263,  0.1665, -0.1495,
          0.1781, -0.1747],
        [-0.1862,  0.2654,  0.0163, -0.1957, -0.1315, -0.0010,  0.0143,  0.1022,
          0.0962, -0.3054],
        [ 0.1969, -0.2097, -0.1329, -0.1578,  0.2033,  0.1873,  0.0426,  0.2918,
          0.2645,  0.1041],
        [ 0.2053, -0.0853, -0.1734,  0.1937, -0.0053, -0.1412, -0.1187,  0.1140,
          0.1700,  0.0281],
        [ 0.1270, -0.0235,  0.1506,  0.0026, -0.1814, -0.1212,  0.2754,  0.1985,
         -0.2735, -0.0007],
        [-0.0020, -0.0492,  0.1287,  0.0708,  0.2353,  0.0519,  0.0230, -0.1843,
         -0.1838, -0.0952],
        [-0.3157, -0.1566,  0.0594, -0.0848,  0.3061,  0.2249, -0.1014, -0.0070,
          0.1260,  0.0477],
        [ 0.0707, -0.0091,  0.0613, -0.0525, -0.0932,  0.3012, -0.1087,  0.1791,
          0.2749,  0.0981],
        [-0.0557,  0.1234,  0.0875, -0.1425,  0.0820, -0.3143, -0.1581,  0.1566,
         -0.2102, -0.1992],
        [ 0.1350,  0.2294, -0.2340,  0.1241, -0.2128, -0.1898,  0.2058, -0.0759,
          0.2418,  0.1692],
        [-0.2180,  0.2872,  0.1929,  0.2631, -0.1297, -0.1163, -0.2504, -0.1017,
         -0.2495,  0.3139],
        [-0.2555,  0.2613, -0.2912, -0.1205, -0.0659, -0.2421, -0.2173,  0.0335,
          0.1465,  0.0111]], device='cuda:0', dtype=torch.float64)
Bias layer1
tensor([-0.0917,  0.1149, -0.0227,  0.0826,  0.2531,  0.1067, -0.1846, -0.2643,
         0.2711,  0.2853, -0.2698,  0.1644,  0.0325, -0.1607,  0.2229,  0.3020,
         0.0569, -0.0548, -0.1444,  0.1180, -0.2294, -0.2515, -0.1593, -0.0739,
         0.1073,  0.1400,  0.1451,  0.2460, -0.3070,  0.1142, -0.0672, -0.2353,
         0.1307,  0.1558,  0.2012,  0.0633, -0.0871, -0.0249,  0.2133, -0.0634,
         0.1899,  0.2725,  0.0715,  0.0757,  0.1874, -0.1313,  0.3067, -0.0541,
         0.2302, -0.2585], device='cuda:0', dtype=torch.float64)
Pesi layer2
tensor([[ 0.1192, -0.0159,  0.0199,  ...,  0.0503, -0.0518, -0.1234],
        [ 0.0710, -0.0260,  0.0549,  ...,  0.0645, -0.0177,  0.0042],
        [-0.0973,  0.0336,  0.0233,  ..., -0.1406, -0.0295, -0.0222],
        ...,
        [ 0.0357,  0.0522, -0.0050,  ...,  0.0520,  0.0515, -0.0589],
        [ 0.0574, -0.0077,  0.1073,  ...,  0.1320, -0.1043,  0.0908],
        [-0.1294,  0.1373,  0.0517,  ..., -0.0639,  0.0064, -0.0737]],
       device='cuda:0', dtype=torch.float64)
Bias layer2
tensor([ 0.0179,  0.0575, -0.0620,  0.0427, -0.0453, -0.0279, -0.0135,  0.1056,
        -0.0504,  0.0708,  0.0686,  0.1267,  0.0442, -0.0535,  0.0816, -0.0251,
         0.0620,  0.0105,  0.0420,  0.1093,  0.0911, -0.0106, -0.1405,  0.1341,
        -0.0701, -0.1287, -0.0466,  0.0259, -0.0024,  0.0174, -0.1409, -0.0361,
         0.0825, -0.0325,  0.0021,  0.1277,  0.1150,  0.0736, -0.0085,  0.1026,
         0.0080,  0.1165,  0.0254,  0.0130, -0.1001, -0.0291,  0.0875,  0.1192,
         0.0902,  0.1269, -0.0120, -0.0522,  0.0929,  0.0291, -0.0706, -0.0861,
         0.0499, -0.1335, -0.0832,  0.0414, -0.0221,  0.0636,  0.1295,  0.0351,
         0.0804, -0.0042, -0.0076,  0.1144,  0.1061, -0.0305,  0.1226, -0.0577,
        -0.1226,  0.0371, -0.1373, -0.1384, -0.0296, -0.1136, -0.1089,  0.1200,
         0.1328, -0.1391, -0.0738,  0.1212, -0.1369, -0.0857, -0.1043, -0.0657,
        -0.0688,  0.1216,  0.1132,  0.1197,  0.1264,  0.1351, -0.1272, -0.0785,
        -0.0741, -0.0791,  0.0207,  0.1206], device='cuda:0',
       dtype=torch.float64)
Pesi layer3
tensor([[-0.0510, -0.0095,  0.0077,  ...,  0.0982,  0.0433, -0.0790],
        [ 0.0067,  0.0892, -0.0215,  ..., -0.0232,  0.0799, -0.0502],
        [ 0.0634,  0.0784,  0.0997,  ..., -0.0918, -0.0068,  0.0795],
        ...,
        [-0.0711,  0.0319, -0.0377,  ..., -0.0562,  0.0839, -0.0331],
        [ 0.0892,  0.0724,  0.0890,  ...,  0.0118, -0.0855, -0.0539],
        [ 0.0541, -0.0287, -0.0798,  ...,  0.0654, -0.0159, -0.0816]],
       device='cuda:0', dtype=torch.float64)
Bias layer3
tensor([ 0.0822,  0.0874,  0.0895,  0.0287,  0.0151, -0.0685, -0.0650, -0.0711,
         0.0112, -0.0260,  0.0006, -0.0296,  0.0961, -0.0266, -0.0999, -0.0194,
        -0.0591, -0.0853,  0.0063,  0.0654, -0.0619, -0.0228, -0.0834, -0.0850,
         0.0392], device='cuda:0', dtype=torch.float64)
Pesi layer4
tensor([[-0.0917, -0.0755, -0.0806, -0.0341, -0.0956, -0.1217,  0.0985,  0.0604,
          0.0888, -0.1187, -0.0223, -0.1165,  0.1814,  0.1048, -0.0111, -0.1835,
         -0.1928,  0.1349,  0.0526,  0.1061, -0.0944, -0.0967, -0.0483, -0.0484,
          0.0731],
        [ 0.0834, -0.1783, -0.0215,  0.1428, -0.0281, -0.0272, -0.0702, -0.1814,
          0.0815,  0.0458,  0.0197, -0.0348, -0.0590, -0.1989, -0.1960,  0.0764,
          0.0701, -0.0298, -0.0884,  0.1741, -0.1012, -0.0684,  0.1011,  0.0927,
          0.1942],
        [-0.1284,  0.1295, -0.0644, -0.1765,  0.1119, -0.1156, -0.1036,  0.0874,
         -0.1413, -0.0533, -0.0736, -0.0842, -0.1422,  0.1619,  0.1997, -0.0424,
         -0.1046, -0.0767,  0.1730, -0.1777, -0.0410,  0.1974, -0.1046,  0.0132,
          0.1595]], device='cuda:0', dtype=torch.float64)
Bias layer4
tensor([-0.0133, -0.1651, -0.0961], device='cuda:0', dtype=torch.float64)
