Pesi layer1
tensor([[ 0.2057,  0.1739,  0.0615,  0.0967,  0.0470, -0.1261, -0.1925,  0.1234,
          0.2377,  0.2042,  0.0139, -0.1963,  0.0163,  0.1083,  0.0368, -0.0032,
         -0.0074],
        [-0.0920, -0.1720,  0.0504, -0.1037,  0.2181,  0.1960, -0.1330, -0.2085,
         -0.1989,  0.0962,  0.2187,  0.1159, -0.0660,  0.1598, -0.0449,  0.1608,
         -0.1663],
        [ 0.2199, -0.1927, -0.0527, -0.0069,  0.1071, -0.1571, -0.2252, -0.1302,
         -0.0872,  0.0188, -0.1063, -0.0390, -0.2014, -0.1815, -0.1016, -0.1775,
          0.0371],
        [ 0.1219,  0.2051, -0.1945, -0.1103,  0.1560, -0.0863,  0.0080, -0.0964,
         -0.0661,  0.0329, -0.1378, -0.0784, -0.0288,  0.1419,  0.0283, -0.0653,
          0.1491]], device='cuda:0', dtype=torch.float64)
Bias layer1
tensor([0., 0., 0., 0.], device='cuda:0', dtype=torch.float64)
Pesi layer2
tensor([[-0.3288, -0.1389, -0.1714, -0.4083]], device='cuda:0',
       dtype=torch.float64)
Bias layer2
tensor([0.], device='cuda:0', dtype=torch.float64)
