Pesi layer1
tensor([[-0.2365,  0.2091,  0.0073,  0.1861, -0.0633, -0.1119,  0.1327, -0.2063,
         -0.1276,  0.1682, -0.1706, -0.1797,  0.1381, -0.1637, -0.2204, -0.2462,
          0.0215],
        [-0.2493, -0.1116,  0.1484, -0.0258, -0.0192,  0.0271,  0.1997, -0.2072,
         -0.1574, -0.0731,  0.0818, -0.1759,  0.1941,  0.2069,  0.1405,  0.1507,
          0.1075],
        [-0.2098,  0.0935,  0.0833,  0.1743, -0.1608, -0.1272, -0.0083, -0.1663,
         -0.2381,  0.1794, -0.0409, -0.1333, -0.1078, -0.0587, -0.0976, -0.0706,
         -0.0948],
        [-0.1753, -0.0413,  0.0114,  0.2400,  0.0925,  0.1185, -0.1949, -0.0815,
          0.1722,  0.2227, -0.2209,  0.1770, -0.1645,  0.1823, -0.0332,  0.2366,
          0.0983]], device='cuda:0', dtype=torch.float64)
Bias layer1
tensor([0., 0., 0., 0.], device='cuda:0', dtype=torch.float64)
Pesi layer2
tensor([[ 0.2490,  0.0435, -0.1299, -0.0714]], device='cuda:0',
       dtype=torch.float64)
Bias layer2
tensor([0.], device='cuda:0', dtype=torch.float64)
