Pesi layer1
tensor([[ 0.1525,  0.1459, -0.0795, -0.0136,  0.2097, -0.1658,  0.0126, -0.0307,
          0.1951,  0.1841,  0.1738, -0.2259, -0.2340,  0.1342,  0.0306, -0.1348,
          0.1967],
        [ 0.1995,  0.1772,  0.2166, -0.0183,  0.0556, -0.1480,  0.1199, -0.0681,
          0.1600,  0.1972,  0.0185,  0.1134, -0.0847, -0.0702,  0.1114,  0.1025,
         -0.1478],
        [-0.0536, -0.1797, -0.2185, -0.0111,  0.1399,  0.0361,  0.2116,  0.0707,
         -0.2324, -0.2046,  0.0242,  0.1685,  0.2124, -0.1918, -0.1516, -0.1153,
         -0.0675],
        [ 0.1853, -0.2109,  0.2258,  0.2146,  0.0906, -0.1520, -0.0180,  0.0382,
         -0.0677, -0.0280, -0.0264, -0.2035, -0.0518, -0.0618,  0.0229, -0.0499,
         -0.0620]], device='cuda:0', dtype=torch.float64)
Bias layer1
tensor([0., 0., 0., 0.], device='cuda:0', dtype=torch.float64)
Pesi layer2
tensor([[0.1706, 0.0905, 0.4220, 0.2575]], device='cuda:0',
       dtype=torch.float64)
Bias layer2
tensor([0.], device='cuda:0', dtype=torch.float64)
