Pesi layer1
tensor([[-1.2302e-02, -2.4948e-02, -9.6411e-02, -5.8749e-02, -2.2380e-01,
         -1.0292e-02,  3.0817e-02,  1.0299e-02, -6.9231e-02, -1.6622e-02,
         -2.0635e-01,  4.0314e-02,  2.2163e-01, -1.3276e-01, -2.4680e-01,
         -2.2185e-01,  2.0746e-02],
        [-6.2080e-02, -2.4318e-01,  2.2140e-01, -9.2299e-02,  4.3184e-02,
         -2.2090e-01, -8.6600e-02, -1.4299e-01, -3.2889e-02,  2.4248e-01,
         -1.1866e-01,  1.5795e-01,  1.0714e-01,  1.2236e-01, -2.0604e-01,
         -1.5578e-01,  1.7412e-01],
        [-2.0704e-02,  1.7900e-01, -2.2076e-01,  2.4306e-01,  1.8117e-01,
         -1.7535e-01, -6.4850e-05, -8.2962e-02, -2.2536e-01, -1.0428e-01,
          2.2275e-01, -4.1154e-02, -7.7594e-03,  7.0875e-02,  1.1319e-01,
          1.7341e-01,  2.0911e-01],
        [ 5.4626e-02, -1.7001e-01, -1.9096e-01,  1.5882e-01,  1.6699e-01,
          2.2267e-01, -1.1376e-02, -8.7380e-02,  1.8369e-01, -1.3843e-02,
          4.3907e-02, -4.3057e-02,  2.7839e-02,  1.6690e-01, -2.1051e-01,
          1.4235e-02,  1.7593e-01]], device='cuda:0', dtype=torch.float64)
Bias layer1
tensor([0., 0., 0., 0.], device='cuda:0', dtype=torch.float64)
Pesi layer2
tensor([[-0.0653,  0.0573,  0.2363,  0.1675]], device='cuda:0',
       dtype=torch.float64)
Bias layer2
tensor([0.], device='cuda:0', dtype=torch.float64)
