Pesi layer1
tensor([[ 0.6869, -0.1175, -0.6261,  0.1313, -0.7065,  0.6490,  0.5948, -0.0974,
         -0.6512,  0.7106, -0.5678, -0.4003,  0.6050, -0.6377,  0.2974,  0.4406,
         -0.7321],
        [-0.4642,  0.0272, -0.6105,  0.4088, -0.5204,  0.3775,  0.4216, -0.7240,
         -0.2016,  0.2062, -0.4281, -0.7306,  0.3000, -0.1510,  0.0856,  0.6523,
          0.7106],
        [ 0.4642,  0.7221,  0.2852, -0.2617, -0.0924, -0.4916,  0.5416,  0.5140,
          0.2872, -0.1312,  0.7393,  0.0029,  0.2270, -0.2475, -0.6047,  0.4464,
          0.0898],
        [-0.5818,  0.5719, -0.0156, -0.5547,  0.0677, -0.2481, -0.4818, -0.4377,
         -0.2101,  0.1530,  0.4493,  0.4528, -0.7329, -0.0326,  0.1151, -0.2774,
          0.3578]], device='cuda:0', dtype=torch.float64)
Bias layer1
tensor([0., 0., 0., 0.], device='cuda:0', dtype=torch.float64)
Pesi layer2
tensor([[-0.7868, -1.4077, -0.3744,  0.4180],
        [-0.7916,  1.3332,  0.5666,  0.4357]], device='cuda:0',
       dtype=torch.float64)
Bias layer2
tensor([0., 0.], device='cuda:0', dtype=torch.float64)
