Pesi layer1
tensor([[ 0.2230, -0.1588, -0.0673,  0.1856, -0.1464,  0.0504, -0.0578, -0.0376,
          0.0595,  0.0271,  0.1850,  0.1421,  0.1384, -0.0122,  0.2227, -0.0285,
         -0.2304],
        [-0.0397, -0.1420, -0.0532,  0.0737,  0.1480, -0.0984,  0.1352,  0.1799,
          0.1354, -0.0019,  0.2027, -0.1412,  0.1710,  0.0777, -0.1110, -0.2421,
         -0.0307],
        [-0.1159, -0.0900,  0.2258, -0.1897,  0.2002,  0.2374,  0.0251,  0.0326,
         -0.1462, -0.0064,  0.0190,  0.0356,  0.0990,  0.0796,  0.1021, -0.1146,
         -0.1630],
        [-0.0131,  0.0446,  0.1749,  0.1864, -0.1447, -0.0754, -0.0663, -0.0841,
         -0.1795, -0.1535, -0.2274, -0.1188, -0.1477, -0.0921,  0.1106, -0.1697,
          0.2316]], device='cuda:0', dtype=torch.float64)
Bias layer1
tensor([0., 0., 0., 0.], device='cuda:0', dtype=torch.float64)
Pesi layer2
tensor([[-0.3051, -0.2583, -0.1037,  0.1468]], device='cuda:0',
       dtype=torch.float64)
Bias layer2
tensor([0.], device='cuda:0', dtype=torch.float64)
