Pesi layer1
tensor([[ 1.4742e-01, -1.6129e-01, -8.3655e-02, -7.2447e-02, -2.0882e-01,
         -1.7031e-01, -2.3870e-01,  1.4118e-01, -1.0814e-01,  9.9384e-02,
         -4.8020e-02, -1.3781e-01, -2.2910e-01, -1.9245e-01, -9.6232e-02,
         -2.1192e-01, -6.0437e-02],
        [-2.4933e-02,  1.6348e-01, -3.3662e-02,  8.5502e-02, -4.6060e-02,
         -2.3224e-01, -2.0954e-01, -1.4320e-01,  6.5689e-02,  1.0036e-01,
         -1.4929e-01,  2.5122e-02,  2.4078e-02,  3.3528e-02, -6.3128e-02,
         -2.3479e-01,  6.9410e-05],
        [-6.0525e-02,  1.6567e-01, -2.2734e-01, -9.5159e-02,  1.1602e-01,
          1.8831e-01, -1.9097e-01,  2.4706e-01,  1.8161e-01,  9.0902e-02,
          5.1061e-02, -2.4249e-01, -2.2685e-01, -3.0347e-02, -1.7479e-01,
          1.7103e-01,  1.4642e-01],
        [ 1.8652e-01,  1.4245e-01, -1.4075e-01, -2.3276e-01,  1.1350e-02,
          9.1300e-02, -6.1467e-02,  3.0370e-02,  1.6555e-01,  1.0356e-01,
          2.4093e-01,  1.7508e-01,  2.1534e-01,  2.8353e-02,  1.5439e-02,
          4.4297e-02, -1.2001e-01]], device='cuda:0', dtype=torch.float64)
Bias layer1
tensor([0., 0., 0., 0.], device='cuda:0', dtype=torch.float64)
Pesi layer2
tensor([[-0.1209,  0.1912,  0.0826, -0.1346]], device='cuda:0',
       dtype=torch.float64)
Bias layer2
tensor([0.], device='cuda:0', dtype=torch.float64)
