Pesi layer1
tensor([[-0.0549,  0.1395, -0.6338, -0.5732,  0.4544, -0.4189,  0.1739,  0.7221,
          0.1978, -0.2162, -0.6811, -0.7238, -0.5731,  0.4369, -0.1627,  0.0388,
         -0.6966],
        [-0.6061,  0.4213, -0.3946,  0.6157, -0.0037, -0.1210,  0.6211, -0.6881,
         -0.6790,  0.0692,  0.3885, -0.3709,  0.0542, -0.2833,  0.1633,  0.5184,
          0.1916],
        [-0.6864,  0.1629,  0.6292, -0.6256,  0.7035, -0.5041,  0.0297,  0.3045,
          0.3042, -0.1728, -0.3030,  0.2176, -0.6774, -0.5924, -0.7070, -0.0693,
          0.4214],
        [-0.5440,  0.3995, -0.6001, -0.4098,  0.6873, -0.4784,  0.1060,  0.5309,
          0.0717, -0.7272, -0.0192,  0.3820, -0.5461,  0.7542, -0.2240, -0.3000,
          0.6931]], device='cuda:0', dtype=torch.float64)
Bias layer1
tensor([0., 0., 0., 0.], device='cuda:0', dtype=torch.float64)
Pesi layer2
tensor([[-0.0603,  1.2717, -0.1117,  0.0026],
        [ 0.8723,  0.5600, -0.5785, -0.1959]], device='cuda:0',
       dtype=torch.float64)
Bias layer2
tensor([0., 0.], device='cuda:0', dtype=torch.float64)
