Pesi layer1
tensor([[-0.6751,  0.3593, -0.5773, -0.1569, -0.2839, -0.4519,  0.4667,  0.2231,
          0.6370, -0.4893, -0.0882, -0.6328,  0.6626, -0.6710,  0.3684,  0.5761,
          0.0994],
        [ 0.0149,  0.1319,  0.0039,  0.3275,  0.2681,  0.5744, -0.2273,  0.3196,
         -0.3622,  0.6076,  0.0718, -0.6272, -0.0487, -0.2868,  0.3746,  0.0628,
         -0.4219],
        [-0.0349, -0.3664, -0.0438, -0.6330,  0.6852, -0.6280, -0.0260, -0.3938,
          0.3778, -0.6985,  0.5179,  0.5655,  0.1479,  0.0946,  0.4605, -0.1291,
         -0.1480],
        [-0.6638,  0.4574, -0.4134, -0.3787, -0.4271,  0.1376,  0.5051,  0.1458,
          0.2339,  0.6113, -0.5831, -0.3814,  0.5132, -0.2081, -0.6759,  0.2036,
         -0.0674]], device='cuda:0', dtype=torch.float64)
Bias layer1
tensor([0.0100, 0.0100, 0.0100, 0.0100], device='cuda:0', dtype=torch.float64)
Pesi layer2
tensor([[-0.3397, -0.4106, -0.2227, -0.4230]], device='cuda:0',
       dtype=torch.float64)
Bias layer2
tensor([0.0100], device='cuda:0', dtype=torch.float64)
