Pesi layer1
tensor([[-4.4262e-02, -1.4507e-01, -2.3528e-01,  7.9673e-02,  2.6577e-01,
          4.4020e-02, -3.8036e-02, -4.8014e-02,  1.3855e-01, -3.5285e-02],
        [-1.3854e-01, -2.7937e-01, -2.4007e-01,  1.5991e-01,  2.2765e-01,
          1.0152e-04, -5.1711e-02, -7.6137e-03, -8.3081e-02,  3.0555e-02],
        [ 1.5815e-02,  7.9642e-02, -2.4908e-01, -2.4602e-01,  1.0722e-01,
         -3.1604e-01,  5.6015e-02,  2.3352e-01,  2.1862e-01, -3.0240e-01],
        [-1.3138e-02, -3.0801e-01,  1.7800e-01, -1.8060e-01,  2.2075e-01,
          2.7851e-01,  1.9413e-01, -2.9351e-02, -2.6225e-01, -4.1563e-02],
        [ 2.0846e-01, -1.8797e-01, -2.8574e-01,  5.0558e-02,  2.7344e-01,
          3.1130e-01, -6.4706e-02, -2.0665e-01, -3.9876e-02,  1.2290e-01],
        [-1.3575e-01,  2.0247e-01,  3.0415e-01,  5.5314e-03, -7.6677e-02,
         -3.0113e-01, -3.3189e-02, -2.8483e-01,  2.1613e-01, -2.9494e-01],
        [-1.0620e-01, -1.3475e-01, -2.6812e-01,  2.4344e-01,  1.7449e-01,
         -2.0221e-01, -1.9666e-01, -1.7321e-01,  2.8469e-01,  1.1393e-01],
        [ 1.2749e-01, -2.3790e-01,  1.7382e-01,  2.7615e-01,  1.2523e-04,
         -3.0852e-01, -1.9061e-01, -9.5663e-02, -3.4305e-02, -1.7383e-01],
        [ 2.5059e-01,  1.1024e-01,  1.7109e-01, -5.3929e-02, -4.7638e-02,
         -1.3777e-01,  1.2264e-01, -2.7903e-01,  2.2406e-01,  1.4323e-01],
        [ 1.8605e-01, -1.1446e-01, -1.0332e-01, -3.0369e-01, -1.8226e-01,
         -3.0323e-01,  2.1038e-01, -1.7566e-01,  1.8756e-01,  2.5444e-01],
        [ 1.1112e-01,  5.1706e-02,  3.1491e-01,  2.0702e-01, -9.7459e-02,
         -1.4604e-01,  1.3513e-01,  2.5070e-02,  2.3273e-01, -6.7119e-02],
        [ 1.4507e-01, -6.1088e-02,  3.0951e-01,  2.5091e-02,  2.2690e-01,
          1.9345e-02,  1.0373e-02, -1.2828e-01,  1.1468e-01,  3.9263e-02],
        [-2.0357e-01,  2.5285e-01,  2.1014e-01, -2.3291e-01, -1.9712e-01,
          8.3226e-02, -4.0927e-02,  2.7417e-01,  2.6189e-01,  1.4384e-01],
        [-1.5520e-02,  4.9045e-02, -1.8747e-01,  8.9779e-02,  9.9030e-02,
         -2.1039e-01, -2.5311e-01, -1.9099e-01,  1.6640e-01, -2.6587e-01],
        [ 2.7611e-01, -9.6234e-02, -2.0227e-01, -8.5923e-02, -1.8036e-01,
         -1.5220e-01,  1.0156e-01,  2.2602e-01,  2.6086e-01, -1.6710e-01],
        [-4.6366e-02,  1.2437e-01,  1.7388e-01,  2.5127e-01, -4.9787e-02,
         -5.3361e-02,  8.7261e-02, -2.7125e-01, -2.9383e-01, -2.6396e-01],
        [-1.4881e-01,  5.0454e-02, -1.3087e-01, -2.9997e-01, -2.0063e-01,
         -7.5891e-02, -2.3154e-01,  1.2058e-01,  2.5939e-01, -2.2619e-01],
        [-2.9331e-01,  3.1128e-01,  8.8308e-02, -6.4659e-02,  1.8187e-01,
          1.2379e-01, -1.1913e-01,  2.3714e-02, -2.4707e-01,  9.3612e-02],
        [-1.3620e-01, -1.3708e-01, -2.8267e-01, -1.9576e-01, -1.4280e-01,
         -1.7454e-01,  3.1344e-01, -2.9233e-01,  1.2334e-01, -1.3283e-01],
        [-1.7564e-01, -2.2490e-01,  1.5775e-01,  1.9789e-01, -8.5358e-02,
          1.1916e-01, -1.0490e-01,  2.3970e-01,  3.1208e-01,  2.8731e-01],
        [ 1.3141e-01,  1.0949e-02, -2.5992e-01,  2.8545e-01, -2.7543e-01,
         -2.5174e-01,  1.4350e-02, -2.4142e-01, -2.8493e-01, -1.2794e-01],
        [ 1.2145e-01,  1.4879e-01, -2.6469e-01,  9.3132e-03,  6.6824e-02,
         -3.0534e-02,  3.1188e-01,  5.4712e-02, -1.5151e-01,  3.0365e-01],
        [ 1.9414e-01, -2.1646e-01,  2.6665e-01,  5.7321e-02,  5.3243e-02,
         -6.3633e-02,  1.9509e-01, -1.7029e-01, -2.9900e-01, -1.2252e-01],
        [ 3.1007e-01, -2.7706e-01, -1.5205e-01,  8.9392e-02,  5.1111e-02,
          3.0975e-01,  1.2747e-01, -2.9678e-01, -2.1778e-01, -2.5403e-01],
        [ 1.2419e-01,  2.6764e-02, -2.4624e-01,  4.0715e-02,  2.5990e-01,
          2.6649e-01,  1.0363e-01,  2.5222e-01, -1.5215e-01, -2.7555e-01],
        [-1.1724e-01, -1.4798e-01, -4.8530e-02,  1.9290e-02, -3.0727e-01,
         -5.5864e-02,  9.0991e-02,  1.8552e-01,  2.1269e-01, -2.8139e-01],
        [ 2.3469e-02, -3.9938e-02,  2.9913e-02,  1.3891e-01, -1.1777e-01,
          2.6258e-01, -2.3641e-01,  1.5786e-01, -2.2920e-01, -2.0764e-01],
        [ 9.8957e-02, -2.2343e-01, -2.2703e-01, -3.2326e-02, -1.9214e-01,
         -2.8329e-01, -2.0222e-01, -1.8951e-01, -1.3554e-01,  1.5136e-01],
        [-1.4019e-01,  2.0730e-01,  8.1520e-02,  1.7977e-01, -2.3965e-01,
         -2.6810e-01,  3.4785e-02,  8.6613e-02, -3.0736e-01,  4.4926e-02],
        [ 2.6494e-01, -1.7763e-01,  1.8317e-01, -4.6642e-02, -3.1204e-01,
         -2.2983e-01,  2.6510e-01, -8.8342e-02,  1.1344e-01, -2.5266e-01],
        [ 5.0512e-02,  1.9955e-02, -4.9024e-02, -4.1736e-02,  2.8024e-01,
          3.1591e-01,  3.0897e-01,  1.0786e-01, -2.6654e-01, -8.3003e-02],
        [ 1.6580e-01, -2.8315e-01, -5.5572e-02,  2.8575e-01, -1.6618e-01,
          1.9316e-01, -2.6294e-01,  2.6508e-01, -2.6893e-02, -1.4108e-01],
        [ 3.7104e-02, -1.2507e-01,  1.6501e-01,  1.1074e-01, -7.2280e-02,
          2.5379e-01,  4.3364e-02,  2.0710e-01,  2.9062e-01,  3.0901e-01],
        [-2.9643e-01,  2.2486e-01, -2.3507e-01, -2.7521e-01, -5.2256e-02,
          2.5037e-01, -8.5244e-02, -8.0123e-02,  2.4025e-01,  2.3051e-01],
        [ 2.1059e-01, -2.8397e-01,  2.3697e-01,  2.1477e-01, -3.3933e-02,
         -1.6269e-01,  6.1981e-02,  1.8604e-01,  1.5622e-01, -2.5433e-01],
        [-2.2274e-01, -7.2255e-02,  1.0945e-01,  1.1850e-01, -1.2976e-01,
         -3.1301e-01,  1.9408e-03, -3.0335e-01, -3.0743e-01, -2.3371e-01],
        [-1.0451e-01,  1.3465e-01,  7.6404e-02, -9.2366e-02,  2.1203e-01,
         -4.1273e-02, -2.5293e-01,  1.4585e-01, -1.1015e-01, -4.4306e-02],
        [ 2.4846e-01, -3.0571e-01, -2.4525e-01,  6.1238e-02, -3.4676e-02,
         -1.2270e-01,  3.0115e-01,  2.5768e-01,  4.9913e-02,  9.2782e-02],
        [ 3.0019e-01,  2.2103e-02,  7.3720e-02, -2.5322e-01,  3.0305e-01,
         -1.6046e-01,  2.7095e-01, -2.5943e-02,  2.9369e-01,  2.8582e-01],
        [-2.9426e-01, -2.3922e-01,  2.9362e-01,  8.1107e-02, -1.9362e-01,
         -4.6641e-03,  2.9294e-01, -2.7899e-01, -7.9883e-02,  2.4206e-01],
        [ 2.8832e-01,  2.6560e-01,  2.0817e-02,  5.7523e-02, -1.3890e-01,
          3.0047e-01, -1.1628e-01, -2.6157e-01,  2.6635e-01,  1.9928e-01],
        [-2.7659e-01,  5.4754e-03, -2.3023e-01,  2.3830e-01, -9.0052e-02,
          2.5625e-01,  8.0707e-02,  2.9817e-01, -5.3978e-02,  2.2161e-01],
        [ 1.8349e-01, -2.6141e-02, -6.7292e-02, -2.2603e-01, -2.8065e-01,
          2.7332e-02, -2.2396e-01, -2.3168e-01, -2.9243e-01,  2.2122e-01],
        [-2.4864e-01,  9.1745e-02, -3.7902e-02,  2.7915e-01, -7.5717e-02,
         -7.6519e-03,  2.3798e-01, -2.8626e-01,  5.3650e-02,  2.0695e-01],
        [ 1.4286e-02,  1.9940e-01, -2.3395e-01, -3.0643e-01, -1.5881e-01,
         -3.1610e-01, -1.8182e-01, -2.2061e-01, -2.9250e-01,  3.0189e-01],
        [-8.5323e-02, -2.9495e-01,  2.8987e-01,  2.2708e-02,  6.5489e-02,
          2.0795e-01,  2.4806e-01,  1.3345e-01,  1.0067e-01,  2.9455e-01],
        [ 1.6507e-01,  3.0196e-01,  1.9012e-01, -1.9122e-01,  8.5177e-02,
         -2.2406e-01,  5.6099e-02, -7.9377e-02, -1.5539e-01,  2.7583e-01],
        [ 2.6727e-01,  1.5496e-01, -2.7774e-01, -1.8390e-02, -7.7765e-02,
          2.3138e-01, -8.6438e-03,  2.9954e-01,  2.4826e-01,  1.1668e-01],
        [ 8.4298e-02, -2.2986e-01, -1.3221e-01,  1.3346e-01,  3.9319e-03,
         -1.7463e-01, -9.8615e-03, -2.0423e-01,  2.8656e-01, -1.8230e-01],
        [-2.5455e-01,  1.6373e-01,  2.5140e-01, -2.5600e-01,  1.2577e-02,
         -3.5475e-02,  2.5701e-01,  1.1919e-02,  2.8972e-01,  3.1125e-01]],
       device='cuda:0', dtype=torch.float64)
Bias layer1
tensor([ 0.0140,  0.0984,  0.2785, -0.0840, -0.2550,  0.2804, -0.1495,  0.0646,
         0.2790, -0.0230, -0.1939,  0.2069,  0.0261,  0.2881, -0.2501,  0.0892,
        -0.2149,  0.2822,  0.0421,  0.2904,  0.0787, -0.1618,  0.1764,  0.1261,
        -0.2569,  0.1741,  0.0948,  0.2703,  0.2885, -0.3123, -0.1858,  0.0156,
        -0.0755,  0.3073, -0.2616,  0.1886,  0.0025, -0.2146, -0.1341, -0.0791,
         0.1345,  0.2236,  0.0932, -0.2076,  0.0940, -0.3039, -0.0477, -0.1563,
         0.1202,  0.1025], device='cuda:0', dtype=torch.float64)
Pesi layer2
tensor([[-0.1374, -0.0300, -0.0654,  ...,  0.1157, -0.0424, -0.0902],
        [-0.0273,  0.0429,  0.0157,  ..., -0.0930,  0.1141,  0.0871],
        [-0.0336, -0.1387,  0.0647,  ...,  0.1391, -0.0379, -0.0023],
        ...,
        [ 0.1315,  0.0084,  0.0030,  ..., -0.0523,  0.0375,  0.0506],
        [-0.0362, -0.0144, -0.0163,  ..., -0.0527,  0.1202, -0.1195],
        [ 0.0780,  0.0204, -0.0172,  ..., -0.0454,  0.1019,  0.0242]],
       device='cuda:0', dtype=torch.float64)
Bias layer2
tensor([-0.0841,  0.0945, -0.1213, -0.0858, -0.0365, -0.0002,  0.0040, -0.0474,
        -0.1162, -0.1407,  0.1376, -0.0334, -0.0024,  0.1341, -0.1051,  0.0089,
         0.0015,  0.0554, -0.0164,  0.0780, -0.0189, -0.1204, -0.0321, -0.0320,
        -0.1269, -0.0358, -0.1317, -0.0043,  0.0390, -0.0407, -0.1247, -0.0934,
         0.0438, -0.0111, -0.0606,  0.0951, -0.0819,  0.0855, -0.0164, -0.1074,
        -0.0750, -0.1143,  0.0835,  0.0838, -0.0760,  0.0883, -0.0224,  0.1357,
         0.0493,  0.1073,  0.0476,  0.1116,  0.1152, -0.0659,  0.0368,  0.0326,
         0.0752,  0.0277,  0.1345,  0.0756,  0.0515, -0.1103,  0.0076,  0.0847,
        -0.0664, -0.1325, -0.0297, -0.0709, -0.1231, -0.0912, -0.0696,  0.0590,
        -0.1384, -0.0069, -0.0592,  0.0464,  0.0551, -0.1126,  0.1352,  0.0050,
         0.0338, -0.0125, -0.0382,  0.0797, -0.1085,  0.1309, -0.0180,  0.1353,
        -0.0443, -0.0533, -0.0746,  0.0240, -0.0203,  0.0600, -0.0534,  0.0535,
         0.0308,  0.0220,  0.0104,  0.0760], device='cuda:0',
       dtype=torch.float64)
Pesi layer3
tensor([[-0.0760,  0.0824, -0.0712,  ...,  0.0254,  0.0930, -0.0477],
        [-0.0276, -0.0193,  0.0816,  ..., -0.0353, -0.0061, -0.0972],
        [-0.0593, -0.0500, -0.0255,  ..., -0.0859, -0.0301, -0.0512],
        ...,
        [ 0.0138,  0.0843,  0.0849,  ..., -0.0114,  0.0777, -0.0652],
        [-0.0481, -0.0459,  0.0590,  ...,  0.0772, -0.0126, -0.0679],
        [-0.0417, -0.0304, -0.0301,  ..., -0.0996,  0.0973,  0.0934]],
       device='cuda:0', dtype=torch.float64)
Bias layer3
tensor([ 0.0985, -0.0311,  0.0452, -0.0802,  0.0252, -0.0619,  0.0756, -0.0705,
        -0.0568,  0.0591,  0.0994, -0.0057, -0.0316, -0.0260,  0.0957, -0.0195,
         0.0503, -0.0649, -0.0018,  0.0551, -0.0275, -0.0964, -0.0655, -0.0643,
        -0.0279], device='cuda:0', dtype=torch.float64)
Pesi layer4
tensor([[ 0.1175, -0.1626, -0.1215,  0.1609,  0.1072, -0.1704, -0.0439, -0.0307,
          0.1753,  0.0247, -0.0016,  0.0485, -0.0413, -0.1153,  0.0826,  0.1719,
          0.1423,  0.1191, -0.1347, -0.1395, -0.0036, -0.0840, -0.0139, -0.1116,
          0.1014],
        [ 0.0929,  0.0233,  0.0421, -0.1481,  0.1421, -0.1929, -0.1626, -0.0626,
         -0.1314, -0.0452, -0.0732,  0.0245,  0.1202, -0.1303,  0.1395, -0.0976,
         -0.0210, -0.0326,  0.1169,  0.1020, -0.1851, -0.1139,  0.1712, -0.1055,
         -0.0190],
        [ 0.0195, -0.0671, -0.0383,  0.1067, -0.0167, -0.1977,  0.0634, -0.1791,
         -0.0265, -0.0713,  0.0825, -0.0275, -0.0787, -0.0567, -0.1344, -0.0499,
          0.1410, -0.0641,  0.1428, -0.1744,  0.0949, -0.1824, -0.0739, -0.0723,
         -0.0045]], device='cuda:0', dtype=torch.float64)
Bias layer4
tensor([ 0.1074, -0.0020,  0.1723], device='cuda:0', dtype=torch.float64)
